[[array([[-0.27540883,  0.17925215, -0.13402681, ..., -0.0560126 ,
        -1.1013455 , -1.0471939 ],
       [-0.1089673 ,  0.87545705,  0.26168436, ...,  0.02115852,
         0.05880049, -0.66935605],
       [ 0.5829158 ,  0.1440808 , -0.4668276 , ..., -0.34209275,
         0.76249915,  0.5662058 ],
       ...,
       [ 0.69941705, -0.05084994,  0.49714175, ..., -0.01910955,
        -0.3847549 ,  0.28832725],
       [ 0.81562704, -0.3218668 ,  0.00677671, ...,  0.6870044 ,
         0.2381144 ,  0.60269684],
       [-0.3159283 , -0.41870132, -0.22723679, ...,  0.02016711,
         0.89794034, -0.44087338]], dtype=float32), array([-4.39218611e-01, -2.82911986e-01, -2.13630293e-02,  5.39243639e-01,
       -7.18496665e-02, -6.45571768e-01,  1.49572885e-03, -7.47640610e-01,
        2.62682289e-01, -6.58744097e-01, -1.99896529e-01,  7.02265680e-01,
       -1.31149387e+00,  7.98077360e-02, -7.56809533e-01,  3.22344989e-01,
        4.54366714e-01,  7.29894042e-02, -4.72273588e-01,  4.88936782e-01,
        1.00119746e+00,  3.26766998e-01, -1.52513444e+00,  4.36499119e-01,
        5.20018280e-01, -5.69708884e-01, -9.78821218e-01, -1.11565195e-01,
        4.76252913e-01, -7.04906702e-01, -8.18860352e-01,  8.00970554e-01,
        4.41327900e-01,  1.60320771e+00, -3.62364680e-01, -1.11134851e-03,
        1.76323295e-01, -7.63125360e-01,  1.15194313e-01,  9.78240311e-01,
       -1.31477928e+00, -2.43732691e-01, -8.89741242e-01, -4.14347291e-01,
       -1.10208356e+00, -2.18417063e-01, -3.12323898e-01,  3.86452943e-01,
        7.54475117e-01, -2.07169056e-01, -1.90545730e-02,  1.48275149e+00,
       -5.81311285e-01, -6.67044148e-02,  6.70874178e-01, -2.81960815e-01,
        1.10653043e-01,  7.36027896e-01,  2.52353489e-01, -1.55412316e-01,
       -3.29108417e-01, -9.90159512e-02,  2.91482657e-01, -1.19714463e+00,
        4.25345749e-01,  2.96363235e-01, -1.39097106e+00,  1.95548773e-01,
       -4.11184072e-01,  2.23204151e-01, -7.03351974e-01,  1.52492777e-01,
        1.15063572e+00,  8.66948143e-02, -9.77677882e-01, -8.54596272e-02,
        2.15569377e-01, -6.07794285e-01, -5.18232584e-01,  5.24021089e-01,
        8.06802288e-02,  9.65759575e-01,  5.11859357e-01,  7.26043880e-01,
       -3.02601069e-01,  1.04853682e-01,  2.12369993e-01, -7.22184002e-01,
        8.44289005e-01,  1.40030548e-01,  8.97350788e-01, -4.21364665e-01,
       -6.62564337e-01,  1.05983114e+00,  5.41246474e-01,  5.04932366e-02,
       -6.12493157e-01,  2.78990149e-01, -6.14392579e-01,  6.02435172e-01,
       -2.08259270e-01, -1.27405599e-01, -9.54518095e-02,  1.39542028e-01,
        6.26415193e-01, -2.56043319e-02,  3.83258104e-01,  1.43677175e-01,
        4.03442569e-02,  1.08953094e+00,  8.89481604e-03, -1.56449750e-01,
        8.70247781e-02,  1.20899618e+00,  4.19962555e-01, -1.97114229e-01,
       -1.12041175e+00,  6.23072803e-01, -7.68441677e-01, -4.51432079e-01,
        5.97061872e-01,  3.96219373e-01,  1.18264459e-01, -1.14181317e-01,
        3.75480056e-01, -1.19085662e-01,  9.14046705e-01,  2.38612190e-01],
      dtype=float32), array([[-2.38059118e-01],
       [ 4.12344150e-02],
       [-1.44622937e-01],
       [ 6.14440680e-01],
       [ 8.47012341e-01],
       [ 8.19098413e-01],
       [-1.08514249e-01],
       [-9.31821525e-01],
       [-4.39451367e-01],
       [ 3.91944081e-01],
       [-1.83539748e-01],
       [-5.67814887e-01],
       [-2.88900286e-01],
       [ 6.87623084e-01],
       [-1.08475578e+00],
       [ 4.85009938e-01],
       [-6.06602311e-01],
       [ 4.52304214e-01],
       [ 5.58515608e-01],
       [-2.04895183e-01],
       [ 8.34823310e-01],
       [ 8.87532160e-02],
       [ 5.95067441e-03],
       [ 7.42699087e-01],
       [ 1.05981851e+00],
       [-1.34430379e-01],
       [ 1.09209776e+00],
       [ 1.84470534e-01],
       [ 4.12111282e-01],
       [ 3.87524813e-02],
       [-2.41414383e-01],
       [ 3.27260107e-01],
       [-5.29764950e-01],
       [ 1.06432550e-01],
       [-1.06141485e-01],
       [-1.65861621e-01],
       [ 2.39122972e-01],
       [ 2.39379719e-01],
       [ 3.64578009e-01],
       [ 2.08372459e-01],
       [ 5.01573980e-02],
       [-3.23836178e-01],
       [-6.58428669e-03],
       [-1.36616743e+00],
       [ 7.15455413e-03],
       [-4.99045938e-01],
       [-7.21926630e-01],
       [-2.31752038e-01],
       [ 8.62535298e-01],
       [-9.26355552e-03],
       [-2.86679924e-01],
       [-3.52633595e-01],
       [ 6.86953127e-01],
       [ 5.44671774e-01],
       [-2.88332492e-04],
       [-1.17659271e-02],
       [ 3.75137299e-01],
       [ 4.00077730e-01],
       [-3.60241503e-01],
       [-4.10605282e-01],
       [ 5.22005893e-02],
       [-7.85804570e-01],
       [-1.85172594e+00],
       [-5.78469671e-02],
       [ 1.13612759e+00],
       [ 5.60668766e-01],
       [-4.74330969e-02],
       [-4.56330180e-02],
       [ 2.20187590e-01],
       [-5.22579737e-02],
       [ 5.58875985e-02],
       [-8.68765116e-01],
       [ 7.81831443e-01],
       [-5.07209122e-01],
       [-1.22340930e+00],
       [-2.35878766e-01],
       [ 4.36545730e-01],
       [-1.11837435e+00],
       [ 1.81207776e-01],
       [-7.73718894e-01],
       [-8.81778181e-01],
       [ 9.42944765e-01],
       [-1.42323792e-01],
       [ 2.06110999e-01],
       [ 2.99521118e-01],
       [-3.66352886e-01],
       [-6.36711359e-01],
       [ 5.37476063e-01],
       [-5.97397625e-01],
       [ 7.23022759e-01],
       [-6.44207299e-01],
       [-1.13735497e+00],
       [ 5.20798564e-01],
       [ 3.95338535e-01],
       [ 6.85219467e-01],
       [-3.93339962e-01],
       [-7.21342146e-01],
       [ 6.09893687e-02],
       [-3.22610497e-01],
       [ 3.65227133e-01],
       [ 9.75089848e-01],
       [ 3.94299626e-02],
       [-1.92911863e-01],
       [ 1.07822216e+00],
       [ 1.15852034e+00],
       [-1.17181219e-01],
       [ 3.21638376e-01],
       [-6.38712272e-02],
       [ 2.56877095e-01],
       [ 3.82799864e-01],
       [ 7.15707302e-01],
       [-7.09079742e-01],
       [ 4.06038374e-01],
       [ 1.46371233e+00],
       [-6.17673337e-01],
       [ 3.92999984e-02],
       [ 3.16110440e-02],
       [-2.95641035e-01],
       [-2.98457921e-01],
       [-1.25260666e-01],
       [ 5.70278406e-01],
       [-5.40932238e-01],
       [ 1.68659404e-01],
       [-5.17549813e-01],
       [ 7.74035513e-01],
       [-2.36563727e-01],
       [-4.18189436e-01],
       [-6.91099107e-01]], dtype=float32), array([1.229638], dtype=float32)]]